20
0 -11 -17 6 -11 0 7 8 9 12 -16 8 6 13 17 -11 4 -8 6 -12 0 
14 0 9 -4 3 15 -5 18 -1 1 0 -12 1 13 8 11 2 -15 -1 -8 -91 
-6 -7 0 -13 -15 -14 -20 14 17 -5 19 8 -3 -20 -1 -11 17 -9 4 1 -11 
-12 16 17 0 -19 -20 -17 8 -20 2 20 -7 -5 4 -17 15 -19 18 5 10 13 
14 -18 0 -4 0 15 20 -20 7 20 -19 -20 8 -16 8 5 5 5 5 -5 -71 
-9 -20 18 -8 14 0 12 7 -9 4 7 -13 -9 5 -14 -17 0 8 -9 -10 -68 
-16 -19 -19 -3 1 -14 0 20 9 -19 -3 0 7 4 -13 -13 -19 6 -2 -19 100 
-18 -6 -3 8 13 16 -17 0 -5 6 3 -20 2 -19 -14 -5 15 19 3 8 98 
-6 4 11 -14 15 -13 -4 0 0 -6 -8 -1 -10 -8 18 0 -10 3 0 14 -68 
12 -15 -9 -6 -1 15 7 9 6 0 -8 -14 6 5 -15 -8 -6 5 17 20 -91 
1 -6 14 -2 -8 18 -17 -17 -13 -19 0 20 -7 14 20 -14 18 -8 -2 3 77 
8 -14 -20 1 -11 -20 -4 9 -14 -14 2 0 12 -4 -4 -2 0 15 -9 -1 42 
7 15 -9 1 -6 -3 -9 -10 13 4 4 -17 0 -14 -14 -15 19 5 1 8 33 
4 8 13 6 -5 -11 -18 -15 -8 10 18 19 -16 0 -17 5 9 -5 4 -7 -18 
14 -10 -8 4 10 19 15 -18 2 -15 -19 15 -11 -2 0 20 -5 -5 7 0 69 
19 -7 -17 18 11 18 14 16 2 -20 -18 -9 -19 -3 3 0 10 15 6 10 47 
-19 20 7 -10 -5 -9 -3 -11 14 -1 3 2 -10 -2 -10 -13 0 -9 18 -7 -57 
-4 15 -3 -4 -15 -15 -15 -7 18 2 0 -17 1 10 11 -14 9 0 -11 -14 88 
-10 17 -14 7 16 -16 -13 -13 13 6 19 1 20 17 15 17 -3 -11 0 -6 -43 
6 19 5 -4 -17 -2 -6 15 7 -20 1 1 -20 17 5 -2 13 3 19 0 27 
